#Frame        chi1:41      chi2:41
       1     -79.2284      97.4263
       2     -78.5547     101.7304
       3     -87.4127      82.1606
       4     -88.7237     106.7081
       5     -77.8076     106.7548
       6    -106.6787     102.1024
       7     -94.3532     101.3489
       8    -109.5914      99.4416
       9     -93.9545     104.3155
      10     -86.6558      87.6804
      11     -84.6302     101.4062
      12     -77.5955      91.5894
      13     -80.5786     111.8573
      14     -79.6772     113.7799
      15     -89.8899      97.2755
      16     -89.7134      91.1651
      17     -90.0064     103.8244
      18     -84.9361      86.1885
      19     -86.1974      88.8887
      20     -80.3910     103.8677
      21     -74.6371     115.6091
      22     -86.5168      88.0908
      23     -88.7391     101.1300
      24     -87.0889     109.3479
      25     -83.4484      99.8507
      26     -96.8213     102.0322
      27     -92.6790      82.7995
      28     -68.9850     113.6514
      29     -97.5123      97.0223
      30     -89.9296     110.9323
      31     -87.9532      91.7160
      32     -83.9402      94.6655
      33     -90.5495      96.1606
      34     -88.3164      80.9370
      35     -73.5071      61.4898
      36     -88.5493     108.0814
      37     -84.6206      89.8723
      38     -84.4755     101.8455
      39     -88.2440      94.1543
      40     -89.3678      98.6696
      41     -71.2680      62.6928
      42     -90.4439      95.8598
      43     -83.1730     112.7629
      44     -75.1539      73.9675
      45     -92.3949     106.3888
      46    -101.7841      99.0025
      47     -87.0843      91.5842
      48     -65.8705      93.2128
      49     -89.8907      97.7474
      50     -77.2480      82.6275
      51     -82.9242     103.6855
      52     -87.0549     110.7171
      53     -80.2517     102.2252
      54     -94.5314      80.2496
      55    -108.5785     120.6346
      56     -81.4337      96.4401
      57     -87.0194      57.1872
      58     -91.0802      88.1541
      59     -94.7981     100.3831
      60     -96.0625     117.7751
      61     -80.1630      74.6914
      62     -86.3048     107.0667
      63     -98.3887      85.5655
      64    -104.1744     108.5381
      65    -110.3366     110.3226
      66     -82.5459      85.0445
      67     -87.9269      94.9642
      68     -87.1031      86.4838
      69    -102.7013     107.8415
      70     -72.3588     103.9558
      71     -75.5359      92.2361
      72    -102.0288     102.7886
      73     -98.3522     106.6646
      74     -72.1122     138.2172
      75     -88.2100     116.2938
      76     -91.9463     108.6075
      77     -80.1045     103.3979
      78     -88.2986      98.2396
      79     -92.5731     117.8258
      80     -93.2083     114.3625
      81     -87.2551     103.8534
      82    -105.1633     106.5299
      83     -93.0236     100.7382
      84    -100.7473      93.8433
      85     -93.5292      89.0214
      86     -92.7824      77.0478
      87     -89.8352     102.0654
      88     -93.9915      70.6237
      89     -84.2907     104.6543
      90     -95.5909      99.2294
      91     -97.5010      85.8303
      92     -78.9512     115.0456
      93     -91.8189     107.3275
      94     -97.5778     111.9003
      95     -92.0974     120.3468
      96     -97.5025     100.9811
      97     -70.6321     105.2035
      98     -80.8868     110.2163
      99     -80.5186     106.3416
     100     -78.0694     100.5889
     101     -83.8994      95.7905
     102     -83.7454     103.8125
     103     -80.4218     112.3992
     104     -90.8459      87.8163
     105     -75.1676     108.4468
     106    -110.4060      93.7423
     107     -92.5679     107.2626
     108     -72.1085     116.2360
     109     -89.2848     109.5289
     110     -94.2007     115.6794
     111     -89.2894      97.5650
     112     -90.0959     102.8390
     113     -83.8768      97.1656
     114     -91.1683     121.5600
     115     -99.2975      86.6487
     116     -86.5738      89.0525
     117     -96.5397     111.7123
     118     -80.1284      78.2585
     119     -87.6803     108.9392
     120     -71.8030     119.5406
     121     -80.8311     100.6532
     122     -88.9810     110.3638
     123     -84.8964      97.2246
     124     -93.6043     100.4126
     125     -87.1737     104.0701
     126     -80.4869     107.6351
     127     -97.6828     105.7468
     128     -87.9328     103.4875
     129     -82.1920     105.4368
     130     -85.8281      83.2044
     131     -74.9471      92.3057
     132     -92.9542     107.9030
     133     -68.6823      96.8402
     134    -104.4305      95.8233
     135     -72.1114     104.9427
     136     -91.4608     120.2678
     137     -84.9344     110.0619
     138     -70.1857     101.7702
     139     -98.4853     107.9055
     140     -72.2317     105.9662
     141     -75.6077      95.9675
     142     -93.0020     114.5031
     143     -70.4497     112.2520
     144     -67.2108      97.5817
     145     -83.9366     108.0977
     146     -84.6122     102.7283
     147     -83.7600      99.0688
     148     -87.5216     103.3080
     149     -76.6692     126.8480
     150     -56.0740      75.4177
     151     -71.6063     131.0820
     152     -65.1182     116.7268
     153     -89.8135     111.5517
     154     -74.1314     101.9556
     155     -75.6827     113.8407
     156     -66.4891     116.9934
     157     -78.0380     100.8921
     158     -76.5416     108.5406
     159     -47.7606      97.2464
     160     -84.6981     106.0701
     161     -96.5908      69.1236
     162     -64.5543     104.2223
     163     -77.8195     117.0504
     164     -87.7980     100.9962
     165     -77.3361      96.2543
     166     -72.8981     120.3414
     167     -81.1351     117.5581
     168     -68.7171     104.3031
     169     -54.4561      98.1368
     170     -82.2384     105.9381
     171     -79.9509     102.6766
     172     -51.2708     147.5806
     173     -52.8612     160.7741
     174     -53.8379     133.2695
     175     -43.7575     133.7509
     176     -69.2421     147.5753
     177     -84.2372     106.1995
     178     -74.6337     132.9045
     179     -50.3874     161.0383
     180     -47.0562     154.8735
     181     -53.1382     158.5360
     182     -45.7911     140.9394
     183     -39.0668     138.5824
     184     -46.3779     137.2633
     185     -47.8372     130.5603
     186     -48.6266     152.1792
     187     -54.4352     164.4485
     188     -59.0323     149.9349
     189     -74.8731     153.1788
     190     -37.6432     133.7427
     191     -45.2861     147.3604
     192     -50.3235     155.7578
     193     -57.5677     151.8866
     194     -52.5234     155.7109
     195     -51.5445     156.7769
     196     -60.7920     153.1970
     197     -56.5432     142.6597
     198     -57.3135     152.5414
     199     -44.0317     156.9119
     200     -54.0274     154.4436
     201     -59.5032     147.8375
     202     -47.4748     141.1441
     203     -56.9316     160.7021
     204     -61.7848     137.9648
     205     -52.6543     159.7507
     206     -45.8441     154.0242
     207     -57.1444     143.4798
     208     -50.3439     149.2577
     209     -47.7059     141.5209
     210     -69.7107     153.0990
     211     -57.2117     140.6159
     212     -49.1002     143.2570
     213     -58.7015     170.9812
     214     -50.0825     158.5280
     215     -61.3491     149.3486
     216     -58.0893     144.7027
     217     -60.3654     149.2366
     218     -68.5190     121.8518
     219     -49.0909     140.2125
     220     -46.6596     133.5800
     221     -77.6095    -175.2248
     222     -53.8942     155.2608
     223     -44.4868     125.5152
     224     -58.7345     152.3078
     225     -62.8333     162.8659
     226     -56.7606     153.5148
     227     -45.1186     159.1471
     228     -50.5490     127.7120
     229     -65.3375     141.6489
     230     -54.8967     144.2292
     231     -67.2997     120.5338
     232     -66.1103     157.7822
     233     -62.1656     171.3087
     234     -67.1321    -178.3033
     235     -57.6020     145.0003
     236     -58.5026     145.8356
     237     -47.6215     154.3671
     238     -61.4584     168.1884
     239     -63.4365     155.3620
     240     -57.3591     155.8605
     241     -50.5574     148.2679
     242     -62.6659     163.4285
     243     -63.4118     144.0674
     244     -42.5852     165.6982
     245     -62.7792     161.8430
     246     -63.0553     121.4047
     247     -65.3474     148.8879
     248     -57.9900     151.0500
     249     -55.5129     145.7524
     250     -61.9070     139.9932
     251     -72.5164     131.2728
     252     -70.5329     127.1240
     253     -63.7371     164.7668
     254     -60.5767     164.7134
     255     -59.0216     158.9455
     256     -42.9272     147.1256
     257     -39.5805     158.6193
     258     -58.6689     144.4989
     259     -34.0021     147.4611
     260     -61.3778     139.8122
     261     -62.7965     130.5365
     262     -72.6634     115.8993
     263     -43.9599     151.5571
     264     -46.8066     148.1475
     265     -55.4377     151.3646
     266     -59.5929     157.3609
     267     -65.8018     141.3282
     268     -32.2289     136.2810
     269     -76.4638     127.7750
     270     -81.1068     118.6329
     271     -51.2551     154.5187
     272     -44.0136     141.9313
     273     -60.5959     157.4620
     274     -51.8068     134.8343
     275     -51.7833     123.2205
     276     -66.7540     121.8382
     277     -33.4233     133.2035
     278     -47.6978     126.8742
     279     -40.5226     146.5720
     280     -50.8245     142.8535
     281     -53.8759     153.5882
     282     -50.6894     141.6278
     283     -40.0151     136.4076
     284     -38.7196     155.6239
     285     -62.1434     144.0091
     286     -47.7094     153.4142
     287     -49.7554     125.3396
     288     -56.0749     161.3559
     289     -50.6993     157.6666
     290     -55.7186     146.0847
     291     -52.2783     157.2774
     292     -54.4144     138.0144
     293     -58.7551     149.2271
     294     -52.1948     124.0707
     295     -54.4597     140.2417
     296     -65.6500     138.6064
     297     -60.9030     162.7104
     298     -32.1966     142.5542
     299     -66.9323     169.7933
     300     -40.5945     136.3129
     301     -52.6851     158.6328
     302     -48.0329     168.0645
     303     -58.3540     151.5193
     304     -62.3638     168.4375
     305     -45.0937     125.8376
     306     -66.5722     141.7117
     307     -84.7160     120.5878
     308     -58.5983     171.5077
     309     -53.2705     163.3888
     310     -42.3017     136.3022
     311     -50.1386     142.2381
     312     -53.8658     154.1617
     313     -46.8295     149.2055
     314     -66.4567     124.7680
     315     -43.9581     134.9549
     316     -43.4383     142.3691
     317     -48.6318     159.3758
     318     -58.6489     152.6922
     319     -57.3633     129.9365
     320     -62.3765     148.3312
     321     -57.1295     166.1495
     322     -52.2760     155.5656
     323     -46.2437     144.4769
     324     -51.6513     159.0823
     325     -53.6726     164.9128
     326     -61.7334     165.8254
     327     -54.3799     157.9363
     328     -61.5451     161.9789
     329     -36.8073     122.3665
     330     -57.1982     141.3909
     331     -46.8065     147.3761
     332     -59.1274     159.1566
     333     -59.2278     152.2896
     334     -57.2278     117.0269
     335     -57.0186     152.0133
     336     -53.1566     156.3599
     337     -59.3217     129.4380
     338     -48.8286     123.7511
     339     -60.5517     134.5798
     340     -44.0516     145.6448
     341     -46.2056     154.7500
     342     -44.4440     148.2631
     343     -48.4158     128.0835
     344     -55.8625     164.6732
     345     -42.5794     123.5834
     346     -63.7935     146.0368
     347     -53.5839     149.1794
     348     -43.1200     131.2198
     349     -57.0774     153.6241
     350     -57.1842     157.6215
     351     -58.2432     153.6411
     352     -66.2263     143.5426
     353     -51.1621     127.8892
     354     -70.3233     123.3894
     355     -63.9131     136.1830
     356     -73.6915     114.3085
     357     -51.5464     150.8946
     358     -59.6939     153.3653
     359     -68.0677     142.4528
     360     -31.1424     136.6066
     361     -61.3492     148.8648
     362     -55.8878     157.8753
     363     -59.5590     136.0815
     364     -34.8122     131.6224
     365     -70.7230     150.7410
     366     -50.5637     150.2331
     367     -37.5488     136.3334
     368     -50.5211     115.2746
     369     -56.8513     128.0503
     370     -42.2353     132.3566
     371     -50.2480     156.9552
     372     -57.0131     145.8912
     373     -61.4065     164.7406
     374     -75.6305     134.3510
     375     -52.8500     141.7783
     376     -51.5658     138.8144
     377     -62.9595     144.4161
     378     -55.3534     126.5303
     379     -50.0673     160.3467
     380     -53.8666     153.9737
     381     -58.2907     146.8174
     382     -48.6118     157.1168
     383     -69.6917     163.9138
     384     -60.4251     133.2920
     385     -53.0389     158.9732
     386     -55.3676     137.2905
     387     -58.7388     149.6864
     388     -32.5725     137.4590
     389     -59.2260     162.6892
     390     -52.8007     132.5811
     391     -59.4320     142.9405
     392     -50.9899     151.1510
     393     -57.1488     166.9092
     394     -33.2967     111.5343
     395     -59.3312     140.0151
     396     -50.6998     134.8212
     397     -44.7965     149.4356
     398     -41.9465     140.5085
     399     -37.4588     132.9092
     400     -67.6941     120.6435
     401     -44.9568     123.5172
     402     -45.6315     123.3893
     403     -51.4968     139.1608
     404     -50.4935     128.4987
     405     -46.2510     141.2625
     406     -54.4551     152.5631
     407     -46.9558     139.5105
     408     -56.6682     144.4319
     409     -50.1068     152.2692
     410     -58.1154     140.3863
     411     -56.5086     155.7143
     412     -59.9706     160.6413
     413     -62.5090     127.6454
     414     -56.1531     171.8364
     415     -34.5931     143.0989
     416     -48.1988     142.1950
     417     -53.6791     156.5254
     418     -66.6333     172.0450
     419     -39.1595     128.9550
     420     -47.6586     157.4801
     421     -53.7475     155.1112
     422     -55.7370     132.9056
     423     -63.9227     127.2232
     424     -52.3351     160.5611
     425     -64.5042     138.2684
     426     -49.5495     150.3347
     427     -61.3227     140.6629
     428     -47.0344     129.0278
     429     -58.9561     133.5575
     430     -51.6102     114.8915
     431     -55.4288     164.2485
     432     -64.8909     121.7813
     433     -69.6898     129.0964
     434     -72.8834     128.4014
     435     -44.4565     140.0454
     436     -78.7318     123.0549
     437     -65.9444     144.2882
     438     -61.5092     130.9924
     439     -60.0662     155.0802
     440     -65.2497     125.0586
     441     -41.7378     126.7254
     442     -52.8615     156.5480
     443     -55.6902     168.1544
     444     -36.0523     149.8534
     445     -45.5668     145.1883
     446     -34.3663     140.4674
     447     -63.9669     130.9535
     448     -60.3898     136.1519
     449     -56.9767     153.9401
     450     -64.3467     138.8168
     451     -63.6935     178.1575
     452     -78.4257     127.5516
     453     -46.6861     143.0556
     454     -58.2456     144.2541
     455     -62.6102     116.1758
     456     -43.7904     132.3859
     457     -68.9507     122.6082
     458     -54.7913     138.5595
     459     -70.4357     145.9128
     460     -85.3453     123.8207
     461     -54.9205     168.9742
     462     -20.5942     124.9196
     463     -49.5797     138.5496
     464     -56.0619     167.0244
     465     -63.2729     151.7162
     466     -33.6090     148.0435
     467     -42.9819     154.2150
     468     -49.9795     105.6264
     469     -37.0349     145.1083
     470     -48.2363     149.8430
     471     -51.7283     142.3278
     472     -55.2791     153.9310
     473     -51.2923     158.9833
     474     -41.0060     116.0290
     475     -64.0112     153.7811
     476     -62.6255     133.6513
     477     -40.1892     146.6738
     478     -66.9156     140.9969
     479     -56.3135     136.3525
     480     -48.1218     148.9021
     481     -60.7156     153.7538
     482     -74.1530     128.8846
     483     -72.0935     107.3180
     484     -65.2265     130.7667
     485     -56.1714     156.1743
     486     -61.4326     125.9462
     487     -44.5418     133.0708
     488     -47.8392     145.8462
     489     -75.1281     128.4995
     490     -71.1831     130.0966
     491     -74.3689     120.7188
     492     -85.1216     134.1471
     493     -60.0239     145.2810
     494     -70.2337     165.8796
     495     -55.0273     125.4291
     496     -81.4923     129.1117
     497     -76.1334     136.1457
     498     -50.9187     139.0848
     499     -56.1547     117.7586
     500     -65.1106     159.1148
     501     -65.6203     147.9470
     502     -53.7551     137.6496
     503     -47.0767     140.5928
