#Frame       T45-T133
       1       3.9795
       2       4.3462
       3       4.1425
       4       3.8699
       5       3.8860
       6       3.9589
       7       3.5863
       8       4.2929
       9       3.8381
      10       4.0785
      11       3.8873
      12       4.3180
      13       4.1184
      14       4.0426
      15       3.7634
      16       3.7084
      17       4.3817
      18       4.2541
      19       4.1362
      20       3.9688
      21       3.8728
      22       3.9829
      23       4.0375
      24       4.0364
      25       4.0993
      26       4.3278
      27       4.3569
      28       4.3745
      29       4.3984
      30       4.3335
      31       4.3531
      32       4.3417
      33       4.3561
      34       4.1694
      35       4.1427
      36       3.9388
      37       3.8896
      38       4.3851
      39       3.8961
      40       4.2508
      41       4.3890
      42       4.3458
      43       3.9918
      44       4.3497
      45       3.8774
      46       4.1806
      47       4.0683
      48       4.3009
      49       4.3193
      50       4.2479
      51       4.3182
      52       4.1102
      53       4.3383
      54       4.0538
      55       3.8526
      56       3.9686
      57       4.2700
      58       4.2164
      59       4.3916
      60       4.3904
      61       4.3433
      62       4.1619
      63       4.2184
      64       4.3205
      65       4.3042
      66       4.3818
      67       4.3775
      68       4.3962
      69       4.3398
      70       4.3813
      71       4.2948
      72       4.3655
      73       4.2820
      74       3.6866
      75       4.2142
      76       4.3715
      77       4.3514
      78       4.3936
      79       4.3292
      80       4.2989
      81       4.3199
      82       4.3781
      83       4.3385
      84       4.2527
      85       4.3874
      86       4.3585
      87       4.3082
      88       4.2943
      89       4.3054
      90       4.1556
      91       4.3553
      92       4.3394
      93       4.3543
      94       4.3388
      95       4.3962
      96       4.3618
      97       4.3238
      98       4.3910
      99       4.3182
     100       4.3979
     101       4.3833
     102       4.3645
     103       4.3913
     104       4.3990
     105       4.3963
     106       4.1813
     107       4.3172
     108       4.3865
     109       4.3731
     110       4.3821
     111       4.3886
     112       4.3367
     113       4.2830
     114       4.3799
     115       4.2696
     116       4.3989
     117       4.3930
     118       4.2835
     119       4.3111
     120       4.3337
     121       4.3645
     122       4.2929
     123       4.3414
     124       4.3964
     125       4.3908
     126       4.3453
     127       4.2635
     128       4.3726
     129       4.1139
     130       4.2014
     131       4.3553
     132       4.2814
     133       4.3633
     134       4.3746
     135       4.3044
     136       4.3304
     137       4.3925
     138       4.3581
     139       4.3538
     140       4.3068
     141       4.3584
     142       4.3294
     143       4.3281
     144       4.3462
     145       4.3981
     146       4.3168
     147       4.3721
     148       4.2064
     149       4.3271
     150       4.3754
     151       4.3483
     152       4.3084
     153       4.3390
     154       4.1869
     155       4.3812
     156       4.2542
     157       4.2058
     158       4.3630
     159       4.3687
     160       4.2810
     161       4.2842
     162       4.3576
     163       4.3312
     164       4.3177
     165       4.3325
     166       4.3339
     167       4.3973
     168       4.2103
     169       4.3772
     170       4.3852
     171       4.2969
     172       4.1862
     173       4.3025
     174       4.2337
     175       4.2423
     176       4.3835
     177       4.3975
     178       4.3860
     179       4.3163
     180       4.1532
     181       4.2936
     182       4.3393
     183       4.0672
     184       4.0336
     185       4.0123
     186       4.0366
     187       4.3805
     188       4.2374
     189       3.7896
     190       4.2415
     191       4.3553
     192       4.1257
     193       4.3072
     194       4.1859
     195       4.3609
     196       4.3361
     197       3.7968
     198       3.9497
     199       4.1513
     200       3.6198
     201       3.8893
     202       3.9813
     203       4.3277
     204       3.6362
     205       4.3935
     206       4.2883
     207       4.1610
     208       3.7477
     209       4.1980
     210       4.2993
     211       4.2791
     212       4.2247
     213       4.3831
     214       4.1621
     215       4.1931
     216       4.2207
     217       3.9265
     218       4.2564
     219       4.2416
     220       3.9151
     221       4.2195
     222       3.9915
     223       4.0714
     224       4.3894
     225       4.0203
     226       4.2737
     227       4.2935
     228       4.3423
     229       3.6913
     230       4.2475
     231       3.5934
     232       3.7139
     233       4.2893
     234       3.5596
     235       3.6447
     236       4.2361
     237       4.0783
     238       3.8975
     239       4.3040
     240       4.0281
     241       4.3020
     242       3.9951
     243       3.6745
     244       4.3980
     245       3.8109
     246       3.8356
     247       3.8238
     248       4.0373
     249       3.5717
     250       4.0430
     251       3.8672
     252       4.2700
     253       3.8127
     254       4.2799
     255       4.2148
     256       4.3313
     257       4.0239
     258       4.0156
     259       4.1669
     260       3.9178
     261       3.8817
     262       3.8039
     263       4.1545
     264       4.3830
     265       4.2671
     266       4.3574
     267       4.2224
     268       4.2110
     269       3.8233
     270       3.8986
     271       4.1495
     272       4.1419
     273       4.2859
     274       3.9213
     275       4.3922
     276       4.1513
     277       3.8499
     278       4.3414
     279       3.7672
     280       3.9273
     281       4.0132
     282       3.6626
     283       3.8102
     284       4.2989
     285       4.1915
     286       4.0427
     287       4.0755
     288       3.7006
     289       4.2989
     290       4.3745
     291       4.2764
     292       4.1027
     293       3.7522
     294       4.1934
     295       4.3015
     296       4.2793
     297       4.1908
     298       4.2069
     299       4.1625
     300       4.3489
     301       4.2785
     302       4.3556
     303       4.0979
     304       4.2331
     305       4.2840
     306       4.2993
     307       4.0712
     308       4.3536
     309       4.1433
     310       3.9269
     311       4.2977
     312       4.3180
     313       4.3931
     314       4.0492
     315       4.2640
     316       4.2543
     317       4.2486
     318       4.1812
     319       3.9678
     320       4.0292
     321       3.9981
     322       4.0644
     323       4.3666
     324       3.8823
     325       4.1560
     326       4.1472
     327       4.2706
     328       4.2851
     329       4.3465
     330       3.6615
     331       4.0934
     332       4.0376
     333       4.2524
     334       3.8300
     335       4.3431
     336       3.8463
     337       3.9635
     338       4.1524
     339       3.9423
     340       4.1849
     341       4.1777
     342       3.9063
     343       3.9174
     344       4.2721
     345       4.0822
     346       4.0826
     347       4.3147
     348       4.1748
     349       3.9539
     350       4.3919
     351       3.9840
     352       3.9989
     353       4.0039
     354       4.0070
     355       4.0311
     356       3.9327
     357       4.3693
     358       4.3343
     359       3.8897
     360       4.0561
     361       4.2045
     362       3.8678
     363       3.6887
     364       3.7606
     365       4.2526
     366       4.2338
     367       3.9251
     368       4.0300
     369       4.3732
     370       3.7594
     371       4.2627
     372       4.0743
     373       3.9621
     374       3.9639
     375       3.9628
     376       3.7752
     377       4.3648
     378       3.8276
     379       4.3480
     380       4.2434
     381       4.0640
     382       4.3886
     383       4.2292
     384       3.9959
     385       4.3185
     386       4.0496
     387       4.3259
     388       3.7685
     389       4.1191
     390       3.8679
     391       4.1914
     392       4.1290
     393       4.2310
     394       3.9761
     395       3.9040
     396       3.9350
     397       3.8412
     398       3.8743
     399       3.9499
     400       4.0569
     401       4.1793
     402       3.9588
     403       4.2206
     404       3.7677
     405       4.0441
     406       4.3412
     407       4.3289
     408       4.1383
     409       3.9624
     410       4.0974
     411       3.8022
     412       4.2088
     413       4.2272
     414       4.2719
     415       4.3510
     416       3.8432
     417       4.2581
     418       3.8323
     419       4.1688
     420       4.1285
     421       3.8040
     422       4.0542
     423       4.1747
     424       4.2126
     425       3.9784
     426       4.1031
     427       4.1537
     428       4.2585
     429       3.8223
     430       3.8627
     431       4.3710
     432       4.1566
     433       4.3948
     434       3.7626
     435       4.1932
     436       3.9610
     437       3.9291
     438       4.3049
     439       4.3596
     440       4.0478
     441       4.0696
     442       4.3346
     443       3.9455
     444       4.2820
     445       3.7814
     446       4.3910
     447       3.8074
     448       4.3344
     449       4.0530
     450       4.3519
     451       4.3825
     452       3.7509
     453       4.2894
     454       4.1368
     455       4.0859
     456       4.0649
     457       4.2338
     458       4.2217
     459       3.7588
     460       3.8056
     461       4.2892
     462       3.8760
     463       4.1793
     464       3.9732
     465       4.0708
     466       4.1324
     467       4.2447
     468       4.0396
     469       4.3560
     470       4.2196
     471       3.9790
     472       4.2264
     473       3.6571
     474       4.2814
     475       3.8664
     476       3.6781
     477       4.0532
     478       3.8211
     479       3.9957
     480       4.0650
     481       4.2524
     482       3.7865
     483       3.9136
     484       4.2645
     485       3.9523
     486       4.3901
     487       4.1694
     488       4.3584
     489       4.0427
     490       3.8405
     491       4.3687
     492       4.0570
     493       4.2129
     494       3.8082
     495       3.8527
     496       4.1924
     497       3.9139
     498       4.1183
     499       4.0375
     500       4.3941
     501       4.0042
     502       3.8111
     503       3.9681
